[1, 0.9331550802139037, 0.21122994652406418, 0.21657754010695188, 0.03, 0.59, 0.5419254658385093, 0.95, 0.11, 0.01, 0, 2.13, 0.5]
[1, 0.6871657754010695, 0.7513368983957219, 0.7566844919786097, 0.03, 0.43571428571428567, 0.3, 0.97, 0.11, 0.01, 0, 0.99, 0.5]
[1, 0.5320855614973262, 0.5748663101604278, 0.5935828877005348, 0.01, 0.1357142857142857, 0.3, 0.4, 0.11, 0.01, 0, 0.3985714285714286, 0.5]
[1, 0.6871657754010695, 0.7379679144385026, 0.7379679144385026, 0.03, 0.18928571428571428, 0.3, 0.3, 0.11, 0.01, 0, 0.6857142857142857, 0.5]
[1, 0.6871657754010695, 0.7165775401069518, 0.7192513368983957, 0.2, 0.4421428571428571, 0.37577639751552794, 0.96, 0.11, 0.01, 0, 1.5257142857142856, 0.5]
[1, 0.5320855614973262, 0.5614973262032086, 0.5668449197860963, 0.03, 0.34928571428571425, 0.4673913043478261, 0.6, 0.11, 0.01, 0, 0.5257142857142857, 0.5]
[1, 0.6871657754010695, 0.7032085561497327, 0.713903743315508, 0.05, 0.5071428571428571, 0.531055900621118, 0.98, 0.11, 0.01, 0, 0.99, 0.5]
[1, 0.9331550802139037, 0.3235294117647059, 0.3315508021390374, 0.03, 0.31428571428571433, 0.9316770186335404, 0.8, 0.11, 0.01, 0, 1.0771428571428572, 0.5]
[1, 0.5320855614973262, 0.5561497326203209, 0.5588235294117647, 0.45, 0.4642857142857143, 0.3, 0.6, 0.11, 0.01, 0, 1.4814285714285713, 0.5]
[1, 0.6042780748663101, 0.6256684491978609, 0.6363636363636364, 0.04, 0.2785714285714286, 0.6677018633540373, 0.2, 0.11, 0.01, 0, 1.9842857142857144, 0.5]
[1, 0.9331550802139037, 0.3235294117647059, 0.32620320855614976, 0.07, 0.39999999999999997, 0.3, 0.62, 0.11, 0.01, 0, 1.9428571428571428, 0.5]
[1, 0.0, 0.08021390374331551, 0.08823529411764706, 0.05, 0.37142857142857144, 0.8788819875776398, 0.6, 0.11, 0.01, 0, 0.2885714285714286, 0.5]
[1, 0.6871657754010695, 0.7272727272727273, 0.732620320855615, 0.03, 0.5928571428571429, 0.3, 0.95, 0.11, 0.01, 0, 0.99, 0.5]
[1, 0.6871657754010695, 0.7165775401069518, 0.7245989304812834, 0.07, 0.5571428571428572, 0.9316770186335404, 0.99, 0.11, 0.01, 0, 1.8828571428571428, 0.5]
[1, 0.42780748663101603, 0.4679144385026738, 0.4679144385026738, 0.6871657754010695, 0.7272727272727273, 0.7299465240641712, 0.69, 0.4714285714285714, 0.32298136645962733, 0.41, 0.11, 0.01, 0, 2.1785714285714284, 0.5]
[1, 0.339572192513369, 0.34759358288770054, 0.35294117647058826, 0.5320855614973262, 0.5614973262032086, 0.5641711229946524, 0.5, 0.355, 0.5450310559006211, 0.9, 0.11, 0.01, 0, 0.99, 0.5]
[1, 0.42780748663101603, 0.47593582887700536, 0.48128342245989303, 0.09, 0.6071428571428571, 0.3922360248447205, 0.9490000000000001, 0.11, 0.01, 0, 0.99, 0.5]
[1, 0.6871657754010695, 0.7379679144385026, 0.7379679144385026, 0.42, 0.4621428571428572, 0.8881987577639752, 0.9, 0.11, 0.01, 0, 1.352857142857143, 0.5]
[1, 0.0, 0.15508021390374332, 0.15508021390374332, 0.5320855614973262, 0.5748663101604278, 0.6016042780748663, 0.22, 0.2842857142857143, 0.6242236024844721, 0.9, 0.11, 0.01, 0, -0.31428571428571433, 0.5]
[1, 0.0, 0.15508021390374332, 0.15508021390374332, 0.339572192513369, 0.4197860962566845, 0.42513368983957217, 0.42780748663101603, 0.47593582887700536, 0.48128342245989303, 0.02, 0.7214285714285714, 0.3, 0.9, 0.11, 0.01, 0, 0.99, 0.5]
[1, 0.5320855614973262, 0.5614973262032086, 0.5668449197860963, 0.1, 0.22142857142857145, 0.4829192546583851, 0.3, 0.11, 0.01, 0, 0.6014285714285714, 0.5]
[1, 0.6042780748663101, 0.6256684491978609, 0.6283422459893048, 0.03, 0.4571428571428572, 0.8695652173913043, 0.3, 0.11, 0.01, 0, 1.792857142857143, 0.5]
[1, 0.6042780748663101, 0.6256684491978609, 0.6390374331550802, 0.005, 0.395, 0.09627329192546584, 0.8, 0.11, 0.01, 0, 1.7085714285714286, 0.5]
[1, 0.9331550802139037, 0.2647058823529412, 0.2647058823529412, 0.07, 0.42, 0.37267080745341613, 0.12, 0.11, 0.01, 0, 2.012857142857143, 0.5]
[1, 0.5320855614973262, 0.5748663101604278, 0.5935828877005348, 0.01, 0.19285714285714287, 0.3, 0.7, 0.11, 0.01, 0, 0.4342857142857143, 0.5]
[1, 0.6871657754010695, 0.7272727272727273, 0.7299465240641712, 0.06, 0.4785714285714286, 0.7763975155279503, 0.4, 0.11, 0.01, 0, 1.8914285714285715, 0.5]
[1, 0.42780748663101603, 0.4385026737967914, 0.4572192513368984, 0.03, 0.7428571428571429, 0.3, 0.8, 0.11, 0.01, 0, 0.99, 0.5]
[1, 0.9331550802139037, 0.23529411764705882, 0.24598930481283424, 0.08, 0.5914285714285715, 0.5279503105590062, 0.95, 0.11, 0.01, 0, 0.99, 0.5]
[1, 0.9064171122994652, 0.983957219251337, 0.9866310160427807, 0.03, 0.2928571428571428, 0.07763975155279502, 0.99, 0.11, 0.01, 0, 2.0742857142857143, 0.5]
[1, 0.6871657754010695, 0.7379679144385026, 0.7379679144385026, 0.31, 0.2357142857142857, 0.3, 0.25666666666666665, 0.11, 0.01, 0, 1.5842857142857143, 0.5]
[1, 0.5320855614973262, 0.5748663101604278, 0.5935828877005348, 0.14, 0.24285714285714285, 0.3, 0.3, 0.11, 0.01, 0, 0.4828571428571428, 0.5]
[1, 0.9331550802139037, 0.2192513368983957, 0.22727272727272727, 0.13, 0.7071428571428572, 0.5590062111801242, 0.99, 0.11, 0.01, 0, 0.13, 0.5]
[1, 0.6042780748663101, 0.6256684491978609, 0.6283422459893048, 0.09, 0.5571428571428572, 0.7298136645962733, 0.98, 0.11, 0.01, 0, 1.5457142857142858, 0.5]
[1, 0.9385026737967914, 0.8181818181818182, 0.820855614973262, 0.08, 0.2842857142857143, 0.8478260869565217, 0.4, 0.11, 0.01, 0, 1.1171428571428572, 0.5]
[1, 0.15775401069518716, 0.20588235294117646, 0.20588235294117646, 0.0085, 0.35714285714285715, 0.3, 0.54, 0.11, 0.01, 0, 0.43857142857142856, 0.5]
[1, 0.9331550802139037, 0.3235294117647059, 0.3342245989304813, 0.1, 0.47000000000000003, 0.2950310559006211, 0.575, 0.11, 0.01, 0, 2.312857142857143, 0.5]
[1, 0.9331550802139037, 0.3235294117647059, 0.3342245989304813, 0.9331550802139037, 0.26737967914438504, 0.27540106951871657, 0.339572192513369, 0.40106951871657753, 0.40106951871657753, 0.6871657754010695, 0.7513368983957219, 0.7540106951871658, 0.9385026737967914, 0.8342245989304813, 0.8342245989304813, 0.8449197860962567, 0.8743315508021391, 0.8877005347593583, 0.8449197860962567, 0.8609625668449198, 0.8636363636363636, 0.018166666666666668, 0.45999999999999996, 0.2127329192546584, 0.8, 0.11, 0.01, 0, 1.9685714285714284, 0.5]
[1, 0.6417112299465241, 0.6497326203208557, 0.6524064171122995, 0.07, -0.05000000000000001, 0.3, 0.54, 0.11, 0.01, 0, 0.09571428571428572, 0.5]
[1, 0.0, 0.058823529411764705, 0.06417112299465241, 0.02, -0.19999999999999998, 0.3, 0.3, 0.11, 0.01, 0, 1.6042857142857143, 0.5]
[1, 0.6871657754010695, 0.7032085561497327, 0.713903743315508, 0.05, 0.12, 0.6739130434782609, 0.1775, 0.11, 0.01, 0, 2.06, 0.5]
[1, 0.42780748663101603, 0.4385026737967914, 0.4572192513368984, 0.04, 0.12, 0.5372670807453416, 0.9, 0.11, 0.01, 0, -0.24285714285714285, 0.5]
[1, 0.8449197860962567, 0.8743315508021391, 0.8957219251336899, 0.0075, 0.6142857142857142, 0.3, 0.3, 0.11, 0.01, 0, 1.9928571428571427, 0.5]
[1, 0.6871657754010695, 0.7032085561497327, 0.7112299465240641, 0.05, 0.5642857142857143, 0.3, 0.98, 0.11, 0.01, 0, 0.99, 0.5]
[1, 0.6042780748663101, 0.6256684491978609, 0.6310160427807486, 0.01916666666666667, 0.12, 0.2204968944099379, 0.01, 0.11, 0.01, 0, 1.6199999999999999, 0.5]
[1, 0.6042780748663101, 0.6256684491978609, 0.6390374331550802, 0.05, 0.40714285714285714, 0.20186335403726707, 0.99, 0.11, 0.01, 0, 0.6371428571428571, 0.5]
[1, 0.6871657754010695, 0.7513368983957219, 0.7566844919786097, 0.0125, 0.5035714285714286, 0.3, 0.76, 0.11, 0.01, 0, 0.99, 0.5]
[1, 0.6042780748663101, 0.6256684491978609, 0.6363636363636364, 1.98, 0.19999999999999998, 0.5714285714285714, 0.93, 0.11, 0.01, 0, 0.5314285714285715, 0.5]
[1, 0.42780748663101603, 0.4385026737967914, 0.4625668449197861, 0.25, 0.5285714285714286, 0.3, 0.3, 0.11, 0.01, 0, 2.57, 0.5]
[1, 0.6871657754010695, 0.7406417112299465, 0.7486631016042781, 0.04, 0.34928571428571425, 0.7919254658385093, 0.4, 0.11, 0.01, 0, 1.4657142857142857, 0.5]
[1, 0.6871657754010695, 0.7513368983957219, 0.7540106951871658, 0.02, 0.4928571428571429, 0.3, 0.94, 0.11, 0.01, 0, 1.9457142857142855, 0.5]
[1, 0.6871657754010695, 0.7513368983957219, 0.7540106951871658, 0.01, 0.5292857142857142, 0.33540372670807456, 0.95, 0.11, 0.01, 0, 1.9457142857142855, 0.5]
[1, 0.339572192513369, 0.37967914438502676, 0.3850267379679144, 0.5320855614973262, 0.5561497326203209, 0.5588235294117647, 0.02, 0.20714285714285713, 0.860248447204969, 0.2, 0.11, 0.01, 0, 1.1442857142857144, 0.5]
[1, 0.5320855614973262, 0.5748663101604278, 0.5962566844919787, 0.01, 0.47000000000000003, 0.3, 0.3, 0.11, 0.01, 0, 0.5357142857142857, 0.5]
[1, 0.15775401069518716, 0.19518716577540107, 0.20053475935828877, 0.03, 0.3071428571428571, 0.9316770186335404, 0.03, 0.11, 0.01, 0, 0.6514285714285714, 0.5]
[1, 0.5320855614973262, 0.5748663101604278, 0.5935828877005348, 0.04, 0.3071428571428571, 0.3, 0.9, 0.11, 0.01, 0, 0.48142857142857143, 0.5]
[1, 0.42780748663101603, 0.4385026737967914, 0.4625668449197861, 0.02, 0.5714285714285714, 0.3, 0.983, 0.11, 0.01, 0, 2.57, 0.5]
[1, 0.6042780748663101, 0.6256684491978609, 0.6310160427807486, 0.008, 0.2571428571428572, 1.1180124223602483, 0.3, 0.11, 0.01, 0, -0.04285714285714286, 0.5]
[1, 0.6042780748663101, 0.6256684491978609, 0.6283422459893048, 0.07, 0.7785714285714286, 0.3, 0.99, 0.11, 0.01, 0, 0.5814285714285715, 0.5]
[1, 0.9331550802139037, 0.3235294117647059, 0.3342245989304813, 0.12, 0.6142857142857142, 0.3, 0.4, 0.11, 0.01, 0, 1.3885714285714286, 0.5]
[1, 0.6042780748663101, 0.6256684491978609, 0.6336898395721925, 0.24, 0.4928571428571429, 0.7204968944099379, 0.75, 0.11, 0.01, 0, 1.6199999999999999, 0.5]
[1, 0.9331550802139037, 0.28342245989304815, 0.2967914438502674, 0.4, 0.3464285714285714, 0.7422360248447205, 0.665, 0.11, 0.01, 0, 1.2257142857142858, 0.5]
[1, 0.6871657754010695, 0.7165775401069518, 0.7192513368983957, 0.5, 0.43571428571428567, 0.40217391304347827, 0.3, 0.11, 0.01, 0, 1.2114285714285715, 0.5]
[1, 0.6871657754010695, 0.7379679144385026, 0.7379679144385026, 0.16, 0.48214285714285715, 0.40372670807453415, 0.8575, 0.11, 0.01, 0, 0.7342857142857142, 0.5]
[1, 0.6871657754010695, 0.7406417112299465, 0.7433155080213903, 0.03, 0.39999999999999997, 0.3, 0.25, 0.11, 0.01, 0, 1.8571428571428572, 0.5]
[1, 0.6871657754010695, 0.7406417112299465, 0.7459893048128342, 0.04, 0.31857142857142856, 0.3, 0.25, 0.11, 0.01, 0, 1.3514285714285716, 0.5]
[1, 0.6042780748663101, 0.6256684491978609, 0.6283422459893048, 0.48, 0.5142857142857143, 0.3, 0.9, 0.11, 0.01, 0, 2.301428571428571, 0.5]
[1, 0.9385026737967914, 0.8048128342245989, 0.8128342245989305, 0.03, 0.37071428571428566, 0.4891304347826087, 0.25, 0.11, 0.01, 0, 1.9685714285714284, 0.5]
[1, 0.5320855614973262, 0.5748663101604278, 0.5962566844919787, 0.012, 0.3071428571428571, 0.3, 0.3, 0.11, 0.01, 0, 0.4985714285714286, 0.5]
[1, 0.6871657754010695, 0.7406417112299465, 0.7433155080213903, 0.09, 0.42857142857142855, 0.3, 0.93, 0.11, 0.01, 0, 1.3871428571428572, 0.5]
[1, 0.6871657754010695, 0.7032085561497327, 0.713903743315508, 0.15, 0.6371428571428571, 0.3, 0.9, 0.11, 0.01, 0, 0.99, 0.5]
[1, 0.6871657754010695, 0.7272727272727273, 0.7299465240641712, 0.05, 0.5714285714285714, 0.3, 0.9990000000000001, 0.11, 0.01, 0, 0.7385714285714285, 0.5]
[1, 0.9331550802139037, 0.30213903743315507, 0.31283422459893045, 0.0003333333333333333, 0.12, 0.3, 0.3, 0.11, 0.01, 0, 0.99, 0.5]
[1, 0.6871657754010695, 0.7406417112299465, 0.7486631016042781, 0.06, 0.35000000000000003, 0.827639751552795, 0.2, 0.11, 0.01, 0, 1.4442857142857142, 0.5]
[1, 0.9331550802139037, 0.3235294117647059, 0.32620320855614976, 0.6417112299465241, 0.6764705882352942, 0.6844919786096256, 0.6417112299465241, 0.6737967914438503, 0.6737967914438503, 0.8449197860962567, 0.8743315508021391, 0.9197860962566845, 0.05, 0.5907142857142856, 0.3, 0.97, 0.11, 0.01, 0, 0.5428571428571428, 0.5]
[1, 0.5320855614973262, 0.5614973262032086, 0.5668449197860963, 0.08, 0.2642857142857143, 0.3, 0.3, 0.11, 0.01, 0, 2.117142857142857, 0.5]
[1, 0.0, 0.058823529411764705, 0.06417112299465241, 0.12, 0.25, 0.7018633540372671, 0.3, 0.11, 0.01, 0, 0.99, 0.5]
[1, 0.9385026737967914, 0.8368983957219251, 0.8422459893048129, 0.9385026737967914, 0.8181818181818182, 0.8262032085561497, 0.06, 0.12, 0.3, 0.09, 0.11, 0.01, 0, 2.164285714285714, 0.5]
[1, 0.6871657754010695, 0.6925133689839572, 0.6978609625668449, 0.36, 0.5664285714285714, 0.7298136645962733, 0.875, 0.11, 0.01, 0, 2.682857142857143, 0.5]
